Background_fail_par0: 99.9987674956 +/- 65.3609827586
Background_fail_par1: -16.3572871263 +/- 1.48131491039
