Background_fail_par0: 100.0 +/- 61.483893575
Background_fail_par1: -19.8161023386 +/- 2.07968748684
