Background_fail_par0: 99.9987223718 +/- 85.2167593496
Background_fail_par1: -19.8810556302 +/- 0.0
