Background_fail_par0: 0.0645783056202 +/- 0.0052967703048
Background_fail_par1: -4.52899905714 +/- 0.281355479887
Background_fail_par2: 9.99999988768 +/- 1.5971032919
