Background_fail_par0: 0.0645548609818 +/- 0.00530975600488
Background_fail_par1: -4.52849815954 +/- 0.281530803898
Background_fail_par2: 9.99999986458 +/- 1.59723423226
