Background_fail_par0: 99.9997221463 +/- 61.2446435483
Background_fail_par1: -19.8160845701 +/- 2.09199013928
