Background_fail_par0: 99.9999998963 +/- 59.3967473186
Background_fail_par1: -19.8181880333 +/- 1.73853067202
