Background_fail_par0: 99.9956213352 +/- 59.6711872057
Background_fail_par1: -19.8168478259 +/- 1.74575921452
