Background_fail_par0: 39.829560611 +/- 12.4658431564
Background_fail_par1: -6.53043284426 +/- 0.348275189705
Background_fail_par2: -21.7871753702 +/- 1.11856016218
