Background_fail_par0: 39.7817441792 +/- 12.1050363715
Background_fail_par1: -6.53045713809 +/- 0.343403121342
Background_fail_par2: -21.7810933127 +/- 1.07640769735
