Background_fail_par0: 99.9987422762 +/- 59.3930665089
Background_fail_par1: -19.8149657005 +/- 1.73830680369
