Background_fail_par0: 80.8223893202 +/- 0.0
Background_fail_par1: -15.6585274617 +/- 0.880099341205
