Background_fail_par0: 70.2118303392 +/- 35.1019418544
Background_fail_par1: -15.4153156378 +/- 0.0
