Background_fail_par0: 99.9998436052 +/- 61.1719375444
Background_fail_par1: -19.8158382016 +/- 1.93836732618
