Background_fail_par0: 99.9942831207 +/- 57.6933458216
Background_fail_par1: -19.8767081384 +/- 1.6966756646
