Background_fail_par0: 99.9999999676 +/- 62.3390013877
Background_fail_par1: -19.8158650085 +/- 2.11730142009
