Background_rpf_2x0_par0: 2.097867946 +/- 0.639254356176
Background_rpf_2x0_par1: -0.397298260133 +/- 0.28892491132
Background_rpf_2x0_par2: 1.40861470811 +/- 1.56238933939
Background_rpf_2x0_par3: 1.24666192688 +/- 0.379909781473
