Background_fail_par0: 99.9895941277 +/- 59.2812462394
Background_fail_par1: -19.8173669451 +/- 1.73564249104
