Background_fail_par0: 61.6578702781 +/- 112.324083411
Background_fail_par1: -17.0860439537 +/- 0.0
