Background_fail_par0: 99.9996875465 +/- 64.6464973085
Background_fail_par1: -16.3569882689 +/- 1.46706912166
