Background_fail_par0: 99.9892257978 +/- 61.4557916158
Background_fail_par1: -19.8151897904 +/- 2.03700135173
