Background_fail_par0: 99.9998398791 +/- 61.5534722007
Background_fail_par1: -19.816367803 +/- 1.98153081953
