Background_fail_par0: 99.9999294344 +/- 59.3849382976
Background_fail_par1: -19.8183260787 +/- 1.73822789847
