Background_fail_par0: 196.762296569 +/- 62.9803200107
Background_fail_par1: -13.4822700598 +/- 0.620378592553
Background_fail_par2: -24.1628083506 +/- 1.27568671368
