Background_fail_par0: 176.951312198 +/- 53.250234079
Background_fail_par1: -13.3289279957 +/- 0.596978264027
Background_fail_par2: -23.689646326 +/- 1.17729397574
