Background_fail_par0: 23.1988844126 +/- 10.6527925991
Background_fail_par1: -23.4063654459 +/- 3.04726108308
