Background_fail_par0: 99.9998136975 +/- 61.0984793892
Background_fail_par1: -19.8172515365 +/- 2.09747077463
