Background_fail_par0: 100.0 +/- 59.4240838657
Background_fail_par1: -19.8161124976 +/- 1.73915320395
