Background_fail_par0: 99.9863828857 +/- 61.4070785375
Background_fail_par1: -19.8166046011 +/- 1.97773035006
