Background_fail_par0: 100.0 +/- 28.1340268072
Background_fail_par1: -21.6957123266 +/- 1.2089912201
