Background_fail_par0: 99.992099209 +/- 58.990505428
Background_fail_par1: -19.8183160445 +/- 1.72621729393
