Background_fail_par0: 99.9999770587 +/- 59.4232831101
Background_fail_par1: -19.8170833417 +/- 1.73928490145
