Background_fail_par0: 99.9999999856 +/- 61.5239143999
Background_fail_par1: -19.8158902578 +/- 2.00097639161
