Background_fail_par0: 99.9999999999 +/- 61.1897774604
Background_fail_par1: -19.8159508503 +/- 1.93910602972
