Background_fail_par0: 99.9998379791 +/- 65.3647175535
Background_fail_par1: -16.3576893384 +/- 1.48139617315
