Background_fail_par0: 100.0 +/- 28.1771356764
Background_fail_par1: -21.6957103169 +/- 1.23095641487
