Background_fail_par0: 99.99994674 +/- 57.3165397907
Background_fail_par1: -13.8277060256 +/- 1.13418124457
