Background_fail_par0: 100.0 +/- 61.3796019443
Background_fail_par1: -19.816013707 +/- 2.07355494816
