Background_fail_par0: 99.9999999405 +/- 31.3442528506
Background_fail_par1: -17.7231812799 +/- 0.982376041762
