Background_fail_par0: 100.0 +/- 31.3096959931
Background_fail_par1: -17.7230294775 +/- 0.978908910813
