Background_fail_par0: 99.9993054573 +/- 61.5093728175
Background_fail_par1: -19.8165189892 +/- 1.99709597659
