Background_fail_par0: 99.9554997577 +/- 59.9825032288
Background_fail_par1: -19.817147396 +/- 1.90089400016
