Background_fail_par0: 99.9990771877 +/- 61.1467379738
Background_fail_par1: -19.8159738164 +/- 2.39984144009
