Background_fail_par0: 99.9916917422 +/- 59.3360650025
Background_fail_par1: -19.8137182919 +/- 1.73687725736
