Background_fail_par0: 23.0373346051 +/- 10.2106724919
Background_fail_par1: -23.3637983252 +/- 2.96702660699
