Background_fail_par0: 23.2433563831 +/- 7.70469038105
Background_fail_par1: -23.4172646521 +/- 1.95583390742
