Background_fail_par0: 99.9999066435 +/- 60.7361741924
Background_fail_par1: -19.8184353977 +/- 2.4147212204
