Background_fail_par0: 81.7428653634 +/- 85.706743819
Background_fail_par1: -15.7068589929 +/- 2.06105544024
