Background_fail_par0: 1.83611610082 +/- 1.13283244297
Background_fail_par1: -30.8728009898 +/- 9.77981417327
