Background_fail_par0: 99.9989185742 +/- 65.3356742285
Background_fail_par1: -16.3577199939 +/- 1.48083312211
