Background_fail_par0: 99.9999999965 +/- 59.4261140853
Background_fail_par1: -19.8159182294 +/- 1.73919734545
