Background_fail_par0: 99.9999999999 +/- 28.0637959413
Background_fail_par1: -21.6956943636 +/- 1.20289546856
