Background_fail_par0: 99.9999629073 +/- 61.4269451482
Background_fail_par1: -19.8162787629 +/- 2.0081487889
