Background_fail_par0: 99.9999441866 +/- 56.9502099942
Background_fail_par1: -13.8290422279 +/- 1.12660775527
