Background_fail_par0: 99.9999999999 +/- 57.9338305592
Background_fail_par1: -19.8782159169 +/- 1.99441084539
