Background_fail_par0: 99.9995615201 +/- 60.8390377977
Background_fail_par1: -19.8153994794 +/- 2.6061171051
