Background_fail_par0: 100.0 +/- 31.4729373228
Background_fail_par1: -17.7230288553 +/- 0.981801435313
