Background_fail_par0: 99.9992585116 +/- 61.1519407319
Background_fail_par1: -19.8190092552 +/- 2.03551879998
