Background_fail_par0: 23.0483775456 +/- 10.1323287033
Background_fail_par1: -23.3652286843 +/- 2.93925019964
