Background_fail_par0: 99.9998423013 +/- 61.1258451545
Background_fail_par1: -19.8187870314 +/- 2.00415568298
