Background_fail_par0: 99.9999348428 +/- 31.3149255779
Background_fail_par1: -17.7228497338 +/- 0.984839443798
