Background_fail_par0: 100.0 +/- 28.0957451845
Background_fail_par1: -21.6957117802 +/- 1.19498855315
