Background_fail_par0: 100.0 +/- 61.8720296247
Background_fail_par1: -19.8159600937 +/- 1.96429064907
