Background_fail_par0: 23.2399415554 +/- 10.6586300109
Background_fail_par1: -23.4175019805 +/- 3.02602778221
