Background_fail_par0: 23.0421799742 +/- 9.52151719268
Background_fail_par1: -23.3653484965 +/- 2.68147544111
