Background_fail_par0: 23.0185756292 +/- 9.9619158807
Background_fail_par1: -23.3596337423 +/- 2.90805115897
