Background_fail_par0: 99.9966535929 +/- 62.8670642757
Background_fail_par1: -19.8162965485 +/- 2.75552413894
