Background_fail_par0: 99.9992619263 +/- 61.7472726388
Background_fail_par1: -19.8156046861 +/- 2.03617851794
