Background_fail_par0: 99.999959858 +/- 64.0753008587
Background_fail_par1: -19.8195993617 +/- 1.72913817543
