Background_fail_par0: 99.9997241521 +/- 61.0018081849
Background_fail_par1: -19.8192301121 +/- 2.04451099185
