Background_fail_par0: 100.0 +/- 31.4237827861
Background_fail_par1: -17.7230328214 +/- 0.979690347439
