Background_fail_par0: 100.0 +/- 31.2266236876
Background_fail_par1: -17.7230323425 +/- 0.94617310912
