Background_fail_par0: 99.9999969399 +/- 59.3965393099
Background_fail_par1: -19.8180821574 +/- 1.73852043462
