Background_fail_par0: 99.994690752 +/- 61.5377148125
Background_fail_par1: -19.8173907587 +/- 2.05201203638
