Background_fail_par0: 6.82736247708 +/- 1.14878251127
Background_fail_par1: -9.68090765119 +/- 0.469776352286
Background_fail_par2: -6.11926321198 +/- 0.41540112474
