Background_fail_par0: 6.82475158314 +/- 1.24971858243
Background_fail_par1: -9.6769373255 +/- 0.471001960827
Background_fail_par2: -6.12220126532 +/- 0.668536697356
