Background_fail_par0: 23.225327497 +/- 10.141368934
Background_fail_par1: -23.4138899725 +/- 2.83451335317
