Background_fail_par0: 99.9978365348 +/- 37.9122158972
Background_fail_par1: -11.0989056402 +/- 0.658266348748
Background_fail_par2: -7.95823363966 +/- 0.555283117013
