Background_fail_par0: 99.9899769799 +/- 36.9743606584
Background_fail_par1: -11.0972549194 +/- 0.647410349458
Background_fail_par2: -7.95908234024 +/- 0.512125465091
