Background_fail_par0: 100.0 +/- 31.1514221335
Background_fail_par1: -17.7242608026 +/- 0.986263700955
