Background_fail_par0: 99.9999406696 +/- 57.3155459884
Background_fail_par1: -13.8277132999 +/- 1.13416389957
