Background_fail_par0: 99.9987259507 +/- 61.2515138884
Background_fail_par1: -19.8159314454 +/- 2.07215798146
