Background_fail_par0: 99.99999973 +/- 59.4252612445
Background_fail_par1: -19.8159453303 +/- 1.7391761818
