Background_fail_par0: 99.9991729949 +/- 61.4379435551
Background_fail_par1: -19.8165472619 +/- 2.05139930172
