Background_fail_par0: 23.02989357 +/- 9.57058596161
Background_fail_par1: -23.3629073306 +/- 2.67772720913
