Background_fail_par0: 99.9992363158 +/- 61.6626835096
Background_fail_par1: -19.8159434254 +/- 2.05404857542
