Background_fail_par0: 99.999999344 +/- 59.4271518031
Background_fail_par1: -19.8157404122 +/- 1.73921641721
