Background_fail_par0: 96.3347160465 +/- 117.211558132
Background_fail_par1: -15.974336314 +/- 0.0
