Background_fail_par0: 99.9992928909 +/- 61.4185237437
Background_fail_par1: -19.817453152 +/- 2.01294006789
