Background_fail_par0: 99.9996427866 +/- 64.7751953995
Background_fail_par1: -16.3615985547 +/- 1.46806820363
