Background_fail_par0: 1.8370943725 +/- 0.715843215917
Background_fail_par1: -30.8798035899 +/- 4.74219894675
