Background_fail_par0: 4.43989452662 +/- 2.93440029348
Background_fail_par1: -49.999999993 +/- 9.89262316946
