Background_rpf_1x0_par0: 2.60897906569 +/- 0.00571872922295
Background_rpf_1x0_par1: -0.215021672275 +/- 0.143052649517
