Background_rpf_1x0_par0: 2.60899586665 +/- 0.00571869716204
Background_rpf_1x0_par1: -0.215408667019 +/- 0.143050470046
