Background_fail_par0: 99.9970831322 +/- 59.0342215724
Background_fail_par1: -19.8183575489 +/- 1.72728111731
