Background_fail_par0: 99.9997106066 +/- 59.4053683447
Background_fail_par1: -19.8159378211 +/- 1.73865797006
