Background_fail_par0: 1.83599715823 +/- 0.864046551217
Background_fail_par1: -30.8721331998 +/- 6.67144210125
