Background_rpf_0x0_par0: 1.6575293911 +/- 0.0159881844381
Background_rpf_0x0_par1: -0.214739815365 +/- 0.255273959543
