Background_rpf_0x0_par0: 1.65747212614 +/- 0.0159867838867
Background_rpf_0x0_par1: -0.215618314097 +/- 0.255232600541
