Background_fail_par0: 99.9999999998 +/- 28.1010140777
Background_fail_par1: -21.6957103587 +/- 1.21321322742
