Background_fail_par0: 99.9999999324 +/- 27.6320383335
Background_fail_par1: -21.6957260373 +/- 1.13326670721
