Background_fail_par0: 1.83659332436 +/- 0.937199646003
Background_fail_par1: -30.8767572489 +/- 7.38630660712
