Background_fail_par0: 100.0 +/- 61.2334098898
Background_fail_par1: -19.8159613967 +/- 2.09028525252
