Background_fail_par0: 99.999733975 +/- 59.4017168798
Background_fail_par1: -19.816331925 +/- 1.73857984261
