Background_fail_par0: 0.0639064910901 +/- 0.0
Background_fail_par1: -6.08772304607 +/- 0.0
Background_fail_par2: -5.4765395468 +/- 0.0
