Background_fail_par0: 0.0639019999399 +/- 0.00634758391013
Background_fail_par1: -6.08707793164 +/- 0.488017006088
Background_fail_par2: -5.47787179853 +/- 0.738295075966
