Background_fail_par0: 99.9999452076 +/- 57.3164202623
Background_fail_par1: -13.8277063419 +/- 1.1341791375
