Background_fail_par0: 99.9999999993 +/- 57.7726637301
Background_fail_par1: -19.8781676955 +/- 1.87672364878
