Background_fail_par0: 39.8623920509 +/- 12.4466681331
Background_fail_par1: -6.53310208595 +/- 0.347737336413
Background_fail_par2: -17.430996316 +/- 0.892572311684
