Background_fail_par0: 39.8573919782 +/- 12.0191428376
Background_fail_par1: -6.53247690508 +/- 0.340906691187
Background_fail_par2: -17.4315753732 +/- 0.854263988989
