Background_fail_par0: 99.9987769252 +/- 65.3589769506
Background_fail_par1: -16.3573206021 +/- 1.48127671957
