Background_fail_par0: 99.999788652 +/- 65.3444113474
Background_fail_par1: -16.357961889 +/- 1.481007916
