Background_fail_par0: 100.0 +/- 31.3682243756
Background_fail_par1: -17.7230234716 +/- 0.985400862288
