Background_fail_par0: 99.9985301694 +/- 61.0275237925
Background_fail_par1: -19.8196700672 +/- 2.03884348859
