Background_fail_par0: 99.9990958892 +/- 61.3439626892
Background_fail_par1: -19.8175628504 +/- 1.99756473626
