Background_fail_par0: 9999.99849704 +/- 2843.75841272
Background_fail_par1: -18.4879843031 +/- 0.643066468686
Background_fail_par2: 0.119034639114 +/- 0.0
Background_fail_par3: 0.00201129495326 +/- 0.00132699026582
Background_fail_par4: -5.25961066777 +/- 0.0
