Background_fail_par0: 5632.96191462 +/- 9579.88016763
Background_fail_par1: -14.7590874524 +/- 3.40723426958
Background_fail_par2: 0.0417447254276 +/- 0.0
Background_fail_par3: -0.190036547556 +/- 0.0136398974084
Background_fail_par4: -0.548224493346 +/- 0.0787351813676
