Background_fail_par0: 1.83428552343 +/- 0.890301711414
Background_fail_par1: -30.8657385596 +/- 7.2705215734
