Background_fail_par0: 99.9999999999 +/- 59.4258048356
Background_fail_par1: -19.8159518057 +/- 1.73919077508
