Background_fail_par0: 4.79915136966 +/- 1.97334958281
Background_fail_par1: -11.3083417454 +/- 1.0266459819
Background_fail_par2: -4.780947324 +/- 0.699762579481
