Background_fail_par0: 4.80311461262 +/- 1.98447853923
Background_fail_par1: -11.306764719 +/- 1.01419261081
Background_fail_par2: -4.78430357201 +/- 0.600558706275
