Background_fail_par0: 100.0 +/- 27.8130174338
Background_fail_par1: -21.6970347768 +/- 1.21493913752
