Background_fail_par0: 99.9997984197 +/- 61.4349952745
Background_fail_par1: -19.8168954209 +/- 1.98532058619
