Background_fail_par0: 100.0 +/- 31.2915887283
Background_fail_par1: -17.7230327659 +/- 0.987353429811
