Background_fail_par0: 99.9991833116 +/- 60.0863283613
Background_fail_par1: -19.8165171586 +/- 1.86871587433
