Background_fail_par0: 99.9998593152 +/- 60.8741934019
Background_fail_par1: -19.817296374 +/- 1.91211985177
