Background_fail_par0: 99.9956110197 +/- 59.3468738766
Background_fail_par1: -19.8157580374 +/- 1.73718536373
