Background_fail_par0: 99.9989195323 +/- 61.2444058901
Background_fail_par1: -19.8159295024 +/- 2.08248617756
