Background_fail_par0: 99.9995436939 +/- 61.8471932019
Background_fail_par1: -19.8163004058 +/- 1.96415651011
