Background_fail_par0: 99.9918456839 +/- 59.3250742649
Background_fail_par1: -19.8149948526 +/- 1.73664460034
