Background_fail_par0: 99.441440979 +/- 98.9358519116
Background_fail_par1: -16.0378657542 +/- 1.96599982061
