Background_fail_par0: 1.83695779646 +/- 1.12687198334
Background_fail_par1: -30.8796902671 +/- 10.3871225254
