Background_fail_par0: 99.9998058481 +/- 59.4026841955
Background_fail_par1: -19.8164948452 +/- 1.7386115634
