Background_fail_par0: 99.9999931995 +/- 61.3053197733
Background_fail_par1: -19.8163546733 +/- 2.08737428678
