Background_fail_par0: 99.9999963493 +/- 62.2970075131
Background_fail_par1: -19.8172368505 +/- 2.11440917892
