Background_fail_par0: 100.0 +/- 27.965059783
Background_fail_par1: -21.6959269612 +/- 1.21848711121
