Background_fail_par0: 99.9996222552 +/- 61.0650140252
Background_fail_par1: -19.8192268507 +/- 2.02189809252
