Background_fail_par0: 99.9998766603 +/- 57.3167468256
Background_fail_par1: -13.8276338775 +/- 1.13418265959
