Background_fail_par0: 99.9995687279 +/- 61.0669208908
Background_fail_par1: -19.8202265711 +/- 1.98105020197
