Background_fail_par0: 99.99995454 +/- 59.4082503461
Background_fail_par1: -19.8179804266 +/- 1.73882428584
