Background_fail_par0: 100.0 +/- 28.1552849235
Background_fail_par1: -21.6957068215 +/- 1.21637571662
