Background_fail_par0: 99.9997734998 +/- 61.1446312336
Background_fail_par1: -19.8168107051 +/- 2.12361107776
