Background_fail_par0: 99.999906908 +/- 61.4012065805
Background_fail_par1: -19.8167095933 +/- 1.99658887394
