Background_fail_par0: 100.0 +/- 28.0524583655
Background_fail_par1: -21.6957162588 +/- 1.21233230215
