Background_fail_par0: 99.9942823008 +/- 61.3143942702
Background_fail_par1: -19.8148642187 +/- 2.01171321665
