Background_fail_par0: 2.25761142282 +/- 0.208275173619
Background_fail_par1: -8.06510912043 +/- 0.340274411051
Background_fail_par2: -9.99999995709 +/- 0.0
Background_fail_par3: -9.99999995709 +/- 0.0
