Background_fail_par0: 2.25751581067 +/- 0.424872657149
Background_fail_par1: -8.06549582106 +/- 0.398802250179
Background_fail_par2: -9.99999981795 +/- 0.611657657581
Background_fail_par3: -9.99999981795 +/- 0.611657657581
