Background_fail_par0: 0.0521824498823 +/- 0.0114680851955
Background_fail_par1: -14.5445562387 +/- 0.697164281989
Background_fail_par2: -2.56348017002 +/- 0.156570564458
