Background_fail_par0: 0.0521751107196 +/- 0.0163061083206
Background_fail_par1: -14.5440916837 +/- 0.781019011144
Background_fail_par2: -2.56332056163 +/- 0.211935747193
