Background_fail_par0: 1.83608140095 +/- 0.857600173992
Background_fail_par1: -30.8735803807 +/- 6.75608355369
