Background_fail_par0: 99.9994067591 +/- 57.6993690383
Background_fail_par1: -19.8777117883 +/- 1.69679503669
