Background_fail_par0: 99.9994765738 +/- 61.0632007947
Background_fail_par1: -19.8159445239 +/- 1.98466811248
