Background_fail_par0: 99.9959157939 +/- 59.3182359939
Background_fail_par1: -19.8181813129 +/- 1.73653939425
