Background_fail_par0: 99.9999966388 +/- 59.0875059689
Background_fail_par1: -19.8190578021 +/- 1.72866209072
