Background_fail_par0: 1.84038221106 +/- 0.896778716583
Background_fail_par1: -30.9072964632 +/- 7.87317924981
