Background_fail_par0: 100.0 +/- 59.425689974
Background_fail_par1: -19.8159627754 +/- 1.73918826079
