Background_fail_par0: 99.9999483438 +/- 57.3169702326
Background_fail_par1: -13.8277007799 +/- 1.13418867456
