Background_fail_par0: 99.9999270586 +/- 59.390774675
Background_fail_par1: -19.8179078629 +/- 1.73836191885
