Background_fail_par0: 99.9997997089 +/- 59.3993217737
Background_fail_par1: -19.8167512811 +/- 1.73853526286
