Background_fail_par0: 99.9999956756 +/- 60.1322644652
Background_fail_par1: -19.816731819 +/- 2.12237959626
