Background_fail_par0: 99.9912995084 +/- 58.6825713578
Background_fail_par1: -19.8211895925 +/- 1.71657384684
