Background_fail_par0: 1.83668799705 +/- 0.314136384425
Background_fail_par1: -30.8773724932 +/- 0.0
