Background_fail_par0: 99.9940382697 +/- 59.3519475155
Background_fail_par1: -19.8139613461 +/- 1.73733486822
