Background_fail_par0: 99.9986841626 +/- 60.9294072458
Background_fail_par1: -19.8196789409 +/- 2.07515020267
