Background_fail_par0: 100.0 +/- 59.4247070747
Background_fail_par1: -19.8160511481 +/- 1.73916652447
