Background_fail_par0: 99.9959480877 +/- 61.249264915
Background_fail_par1: -19.8157694592 +/- 2.06589326311
