Background_fail_par0: 23.0671798513 +/- 9.89241136427
Background_fail_par1: -23.3716878184 +/- 2.8594612587
