Background_fail_par0: 99.9999992877 +/- 61.426978711
Background_fail_par1: -19.8173128951 +/- 2.05928552652
