Background_fail_par0: 99.9992312155 +/- 61.4308781896
Background_fail_par1: -19.8176007636 +/- 2.04238859342
