Background_fail_par0: 99.9904581652 +/- 59.3184233733
Background_fail_par1: -19.8147514791 +/- 1.73648336786
