Background_fail_par0: 99.9994824773 +/- 61.3956695272
Background_fail_par1: -19.8153008173 +/- 2.0301809281
