Background_fail_par0: 99.9999527456 +/- 59.4112544209
Background_fail_par1: -19.816531479 +/- 1.7388806024
