Background_fail_par0: 99.9950004602 +/- 58.9870391296
Background_fail_par1: -19.819996621 +/- 1.72615423585
