Background_fail_par0: 99.9905382114 +/- 60.8767067232
Background_fail_par1: -19.8189865173 +/- 2.02673353506
