Background_fail_par0: 99.9999456637 +/- 57.3164953984
Background_fail_par1: -13.827705646 +/- 1.13418043943
