Background_fail_par0: 99.9998746791 +/- 59.0557051922
Background_fail_par1: -19.820312276 +/- 1.72788756666
