Background_fail_par0: 100.0 +/- 31.3394008152
Background_fail_par1: -17.7230356355 +/- 0.987769464612
